1742598000
2025-03-22 00:00
9.3
48.7
0
Overcast 
122.png
1009
5.1
8.3
25
NNE
1021.0
30.15
0.0
0.0
84
100
8.1
46.5
8.1
46.5
9.3
48.7
6.7
44.1
0
0
0
0
10.0
6.0
8.7
14.0
0
1742601600
2025-03-22 01:00
9.4
48.9
0
Overcast 
122.png
1009
6.5
10.4
39
NE
1020.0
30.12
0.0
0.0
84
100
7.9
46.1
7.9
46.1
9.4
48.9
6.8
44.2
0
0
0
0
10.0
6.0
10.6
17.1
0
1742605200
2025-03-22 02:00
9.3
48.8
0
Patchy rain nearby
176.png
1063
8.3
13.3
57
ENE
1019.0
30.08
0.02
0.0
85
88
7.3
45.2
7.3
45.2
9.4
48.8
7.0
44.6
1
74
0
0
10.0
6.0
13.5
21.7
0
1742608800
2025-03-22 03:00
9.2
48.6
0
Light rain
296.png
1183
4.7
7.6
22
NNE
1019.0
30.08
0.77
0.03
89
100
8.2
46.8
8.2
46.8
9.2
48.6
7.6
45.6
1
100
0
0
9.0
5.0
7.4
11.9
0
1742612400
2025-03-22 04:00
9.0
48.3
0
Light drizzle
266.png
1153
6.5
10.4
34
NE
1017.0
30.04
0.16
0.01
93
100
7.4
45.3
7.4
45.3
9.0
48.3
7.9
46.2
1
100
0
0
2.0
1.0
10.2
16.5
0
1742616000
2025-03-22 05:00
9.0
48.2
0
Light drizzle
266.png
1153
5.8
9.4
27
NNE
1017.0
30.03
0.45
0.02
94
100
7.6
45.6
7.6
45.6
9.0
48.2
8.1
46.5
1
100
0
0
2.0
1.0
9.1
14.6
0
1742619600
2025-03-22 06:00
9.0
48.2
0
Patchy rain nearby
176.png
1063
8.5
13.7
35
NE
1016.0
30.01
0.05
0.0
94
100
6.9
44.4
6.9
44.4
9.0
48.2
8.1
46.7
0
52
0
0
10.0
6.0
12.9
20.7
0
1742623200
2025-03-22 07:00
9.1
48.4
1
Overcast 
122.png
1009
8.3
13.3
38
NE
1016.0
30.0
0.0
0.0
93
100
7.0
44.6
7.0
44.6
9.1
48.4
8.0
46.4
0
0
0
0
10.0
6.0
12.1
19.5
0.0
1742626800
2025-03-22 08:00
9.1
48.4
1
Patchy rain nearby
176.png
1063
8.5
13.7
46
NE
1016.0
29.99
0.01
0.0
93
100
7.0
44.6
7.0
44.6
9.1
48.4
8.0
46.4
0
60
0
0
10.0
6.0
12.3
19.7
0.0
1742630400
2025-03-22 09:00
9.2
48.6
1
Overcast 
122.png
1009
7.6
12.2
54
NE
1016.0
30.0
0.0
0.0
92
100
7.4
45.3
7.4
45.3
9.3
48.7
8.0
46.5
0
0
0
0
10.0
6.0
10.7
17.3
0.1
1742634000
2025-03-22 10:00
9.3
48.7
1
Light rain
296.png
1183
6.3
10.1
47
NE
1017.0
30.03
0.17
0.01
93
100
7.8
46.0
7.8
46.0
9.3
48.8
8.0
46.4
1
100
0
0
1.4
0.0
8.8
14.1
0.2
1742637600
2025-03-22 11:00
9.3
48.7
1
Patchy rain nearby
176.png
1063
5.1
8.3
48
NE
1016.0
30.0
0.06
0.0
92
100
8.1
46.5
8.1
46.5
9.3
48.7
8.0
46.4
1
100
0
0
10.0
6.0
7.3
11.8
0.5
1742641200
2025-03-22 12:00
9.6
49.2
1
Overcast 
122.png
1009
4.9
7.9
40
NE
1016.0
29.99
0.0
0.0
90
100
8.5
47.3
8.5
47.3
9.6
49.2
8.1
46.5
0
0
0
0
10.0
6.0
6.8
10.9
0.7
1742644800
2025-03-22 13:00
10.1
50.1
1
Overcast 
122.png
1009
4.9
7.9
30
NNE
1015.0
29.98
0.0
0.0
88
100
9.1
48.4
9.1
48.4
10.1
50.1
8.2
46.8
0
0
0
0
10.0
6.0
6.5
10.5
0.8
1742648400
2025-03-22 14:00
10.5
50.8
1
Overcast 
122.png
1009
4.5
7.2
44
NE
1015.0
29.96
0.0
0.0
86
100
9.7
49.5
9.7
49.5
10.5
50.8
8.3
46.9
0
0
0
0
10.0
6.0
6.0
9.6
0.7
1742652000
2025-03-22 15:00
10.8
51.4
1
Overcast 
122.png
1009
4.5
7.2
51
NE
1014.0
29.94
0.0
0.0
85
100
10.1
50.2
10.1
50.2
10.8
51.4
8.4
47.1
0
0
0
0
10.0
6.0
6.0
9.6
0.9
1742655600
2025-03-22 16:00
11.2
52.1
1
Overcast 
122.png
1009
5.4
8.6
50
NE
1013.0
29.92
0.0
0.0
84
89
10.3
50.5
10.3
50.5
11.2
52.1
8.5
47.3
0
0
0
0
10.0
6.0
7.0
11.3
0.8
1742659200
2025-03-22 17:00
11.2
52.1
1
Overcast 
122.png
1009
4.9
7.9
54
NE
1013.0
29.91
0.0
0.0
84
100
10.4
50.7
10.4
50.7
11.2
52.1
8.5
47.3
0
0
0
0
10.0
6.0
6.6
10.7
0.2
1742662800
2025-03-22 18:00
10.6
51.0
1
Overcast 
122.png
1009
4.7
7.6
57
ENE
1013.0
29.91
0.0
0.0
88
100
9.8
49.6
9.8
49.6
10.6
51.0
8.7
47.6
0
0
0
0
10.0
6.0
6.9
11.1
0.0
1742666400
2025-03-22 19:00
10.1
50.2
0
Overcast 
122.png
1009
4.5
7.2
59
ENE
1013.0
29.92
0.0
0.0
90
100
9.3
48.8
9.3
48.8
10.1
50.2
8.6
47.5
0
0
0
0
10.0
6.0
6.9
11.1
0
1742670000
2025-03-22 20:00
10.0
50.0
0
Patchy rain nearby
176.png
1063
5.1
8.3
50
NE
1013.0
29.91
0.01
0.0
91
100
8.9
48.1
8.9
48.1
10.0
49.9
8.6
47.5
1
89
0
0
10.0
6.0
8.0
12.9
0
1742673600
2025-03-22 21:00
9.8
49.6
0
Overcast 
122.png
1009
5.8
9.4
48
NE
1013.0
29.9
0.0
0.0
92
100
8.5
47.3
8.5
47.3
9.8
49.6
8.6
47.5
0
0
0
0
10.0
6.0
9.1
14.7
0
1742677200
2025-03-22 22:00
9.7
49.5
0
Overcast 
122.png
1009
6.0
9.7
47
NE
1012.0
29.89
0.0
0.0
93
100
8.4
47.1
8.4
47.1
9.7
49.5
8.6
47.5
0
0
0
0
10.0
6.0
9.5
15.3
0
1742680800
2025-03-22 23:00
9.7
49.4
0
Light rain
296.png
1183
7.2
11.5
32
NNE
1012.0
29.87
0.76
0.03
94
100
8.0
46.3
8.0
46.3
9.7
49.4
8.7
47.7
1
100
0
0
9.0
5.0
11.2
18.1
0
